1 0 1 0 1 0
5 4 9 18 17 64
14 22 36 180 98 1198
30 70 100 900 354 9646
55 170 225 3150 979 49646
91 350 441 8820 2275 192206
140 644 784 21168 4676 609980
204 1092 1296 45360 8772 1670844
285 1740 2025 89100 15333 4085292
385 2640 3025 163350 25333 9125292
506 3850 4356 283140 39974 18934762
650 5434 6084 468468 60710 36954346
819 7462 8281 745290 89271 68485690
1015 10010 11025 1146600 127687 121422938
1240 13160 14400 1713600 178312 207181688
1496 17000 18496 2496960 243848 341858168
0 0 0 0 0 0
